p1:(0.00, 0.00, 0.00, 0.00)(0.00, 0.00, 0.00, 1.00)(0.00, 0.00, 0.00, 5.00)
p2:(0.00, 0.00, 1.00, 0.00)(0.00, 0.00, 1.00, 1.00)(0.00, 0.00, 1.00, 5.00)
p3:(0.00, 1.00, 0.00, 0.00)(0.00, 1.00, 0.00, 1.00)(0.00, 0.70, 0.00, 5.00)
p4:(0.00, 1.00, 1.00, 0.00)(0.00, 1.00, 1.00, 1.00)(0.00, 0.70, 1.00, 5.00)
p5:(1.00, 0.00, 0.00, 0.00)(1.00, 0.00, 0.00, 1.00)(1.00, 0.00, 0.00, 5.00)
p6:(1.00, 0.00, 1.00, 0.00)(1.00, 0.00, 1.00, 1.00)(1.00, 0.00, 1.00, 5.00)
p7:(1.00, 1.00, 0.00, 0.00)(1.00, 1.00, 0.00, 1.00)(1.00, 0.70, 0.00, 5.00)
p8:(1.00, 1.00, 1.00, 0.00)(1.00, 1.00, 1.00, 1.00)(1.00, 0.70, 1.00, 5.00)
l:p1-p2
l:p1-p3
l:p2-p4
l:p3-p4
l:p1-p5
l:p2-p6
l:p3-p7
l:p4-p8
l:p5-p6
l:p5-p7
l:p6-p8
l:p7-p8
f:p5-p6-p2-p1
f:p7-p8-p6-p5
f:p1-p2-p4-p3
f:p1-p3-p7-p5
f:p6-p8-p4-p2
f:p3-p4-p8-p7
